100

97

115

104

100

97

103

115

118

100

32

97

100

118

97

4479771

4479771

4479771

4479771

4479771

4479771

4479771

4479771

4479771

4479771

4479771

4479771

4479771

4479771

4414235

4414235

4414235

4414235

4414235

4414235

4414235

4414235

4414235

4414235

4414235

4414235

4414235

4414235

4414235

4414235

4414235

100

115

97

100

32

97

104

103

100

118

32

97

103

115

100

61

61

61

61

61

61

31

424242 4479771
424242 4414235
424242 424242
31

424242 4479771
424242 4414235
424242 424242
31

424242 4479771
424242 4414235
424242 424242
31

424242 4479771
424242 4414235
424242 424242
31

424242 4479771
424242 4414235
424242 424242
31

424242 4479771
424242 4414235
424242 424242
31

424242 4479771
424242 4414235
424242 424242
31

424242 4479771
424242 4414235
424242 424242
31

424242 4479771
424242 4414235
424242 424242
31

424242 4479771
424242 4414235
424242 424242
31

424242 4479771
424242 4414235
424242 424242
31

424242 4479771
424242 4414235
424242 424242
31

424242 4479771
424242 4414235
424242 424242
31

424242 4479771
424242 4414235
424242 424242
31

424242 4479771
424242 4414235
424242 424242
31

424242 4479771
424242 4414235
424242 424242
31

424242 4479771
424242 4414235
424242 424242
31

424242 4479771
424242 4414235
424242 424242
31

424242 4479771
424242 4414235
424242 424242
31

424242 4479771
424242 4414235
424242 424242
31

4414235 4479771
4414235 4414235
4414235 424242
31

4414235 4479771
4414235 4414235
4414235 424242
31

4414235 4479771
4414235 4414235
4414235 424242
31

4414235 4479771
4414235 4414235
4414235 424242
31

4414235 4479771
4414235 4414235
4414235 424242
31

4414235 4479771
4414235 4414235
4414235 424242
31

4414235 4479771
4414235 4414235
4414235 424242
31

4414235 4479771
4414235 4414235
4414235 424242
31

4414235 4479771
4414235 4414235
4414235 424242
31

4414235 4479771
4414235 4414235
4414235 424242
31

4414235 4479771
4414235 4414235
4414235 424242
31

4414235 4479771
4414235 4414235
4414235 424242
31

4414235 4479771
4414235 4414235
4414235 424242
31

4414235 4479771
4414235 4414235
4414235 424242
31

4479771 4479771
4479771 4414235
4479771 424242
31

4479771 4479771
4479771 4414235
4479771 424242
31

4479771 4479771
4479771 4414235
4479771 424242
31

4479771 4479771
4479771 4414235
4479771 424242
31

4479771 4479771
4479771 4414235
4479771 424242
31

4479771 4479771
4479771 4414235
4479771 424242
31

4479771 4479771
4479771 4414235
4479771 424242
31

4479771 4479771
4479771 4414235
4479771 424242
31

4479771 4479771
4479771 4414235
4479771 424242
31

4479771 4479771
4479771 4414235
4479771 424242
31

4479771 4479771
4479771 4414235
4479771 424242
31

4479771 4479771
4479771 4414235
4479771 424242
31

4479771 4479771
4479771 4414235
4479771 424242
31

4479771 4479771
4479771 4414235
4479771 424242
31

424242 4479771
424242 4414235
424242 424242
31

424242 4479771
424242 4414235
424242 424242
31

424242 4479771
424242 4414235
424242 424242
31

424242 4479771
424242 4414235
424242 424242
31

424242 4479771
424242 4414235
424242 424242
31

424242 4479771
424242 4414235
424242 424242
31

424242 4479771
424242 4414235
424242 424242
31

424242 4479771
424242 4414235
424242 424242
31

424242 4479771
424242 4414235
424242 424242
31

424242 4479771
424242 4414235
424242 424242
31

424242 4479771
424242 4414235
424242 424242
31

424242 4479771
424242 4414235
424242 424242
31

424242 4479771
424242 4414235
424242 424242
31

424242 4479771
424242 4414235
424242 424242
31

424242 4479771
424242 4414235
424242 424242
31

424242 4479771
424242 4414235
424242 424242
31

424242 4479771
424242 4414235
424242 424242
31

424242 4479771
424242 4414235
424242 424242
31

424242 4479771
424242 4414235
424242 424242
31

424242 4479771
424242 4414235
424242 424242
31

424242 4479771
424242 4414235
424242 424242
31

424242 4479771
424242 4414235
424242 424242
31

424242 4479771
424242 4414235
424242 424242
31

424242 4479771
424242 4414235
424242 424242
31

424242 4479771
424242 4414235
424242 424242
31

424242 4479771
424242 4414235
424242 424242
